1 1.158386 -0.848173 1.373401 -0.311547 
2 1.313473 -0.879459 1.186627 -0.348771 
3 1.206817 -0.891663 0.836635 -0.537836 
4 0.856706 -1.016844 0.391700 -0.823116 
5 0.814801 -1.093451 0.280537 -0.883443 
6 0.610726 -1.195805 0.030760 -1.096678 
7 0.677708 -1.145964 -0.087278 -1.245436 
8 0.654571 -1.206817 -0.035279 -1.386254 
9 0.588003 -1.295886 -0.115759 -1.540503 
10 0.446842 -1.376111 -0.039979 1.544487 
11 0.604306 -1.450173 -0.073939 1.468590 
12 0.639386 -1.465919 -0.026081 1.488629 
13 0.630401 -1.395204 -0.105798 1.285467 
14 0.691921 -1.190290 0.189988 -0.618428 
15 0.942000 -0.817645 1.203622 -0.313621 
16 1.182478 -0.488334 1.519559 -0.232557 
17 1.157107 -0.745419 1.243058 -0.258007 
18 0.864597 -0.825917 0.873775 -0.346539 
19 0.771315 -0.852863 0.955457 -0.274167 
20 0.615620 -0.952830 1.020943 -0.287281 
21 0.492486 -1.061725 0.551655 -0.606605 
