21 46.529560 98.488578 76.321688 59.640590 
20 50.219518 101.833197 72.718636 45.880279 
19 50.209561 104.890419 71.028163 66.483081 
18 44.687806 104.737768 56.080300 76.550637 
17 44.777226 106.150836 52.810984 74.464757 
16 47.539457 108.706026 78.102497 78.102497 
15 40.804412 109.658561 55.713553 38.897301 
14 45.453273 59.236813 79.429214 63.820060 
13 45.803930 62.968246 113.635382 78.160092 
12 48.600412 57.314920 115.039124 85.287748 
11 51.039201 66.483081 108.295891 78.409183 
10 53.225934 72.367120 100.079968 76.026311 
9 54.083269 81.043198 86.579443 66.030296 
8 54.203321 89.888820 85.052925 76.295478 
7 52.630789 92.195445 80.305666 87.595662 
6 48.826222 101.019800 65.030762 85.422479 
5 48.104054 97.948966 61.400326 86.683332 
4 39.698866 114.057003 49.769469 75.006666 
3 44.944410 106.667708 55.226805 66.370174 
2 39.293765 112.929181 50.695167 70.228199 
1 34.928498 123.987903 61.188234 61.983869 
